9.896377474069595337e-02
1.149365976452827454e-01
8.664087206125259399e-02
9.291953593492507935e-02
1.175846308469772339e-01
9.172420948743820190e-02
8.938131481409072876e-02
1.255819052457809448e-01
1.338384300470352173e-01
9.423340111970901489e-02
1.304862052202224731e-01
9.856662899255752563e-02
1.207047924399375916e-01
1.206506192684173584e-01
9.908665716648101807e-02
8.493637293577194214e-02
9.131916612386703491e-02
1.084090247750282288e-01
1.065876558423042297e-01
1.253411620855331421e-01
1.272574067115783691e-01
9.633591771125793457e-02
1.216527819633483887e-01
8.762908726930618286e-02
