1.003396362066268921e-01
1.008150577545166016e-01
9.641237556934356689e-02
1.050849780440330505e-01
1.012888699769973755e-01
1.004738882184028625e-01
1.029786020517349243e-01
1.032572388648986816e-01
1.029957234859466553e-01
1.012475714087486267e-01
9.839008003473281860e-02
1.062850728631019592e-01
1.016536578536033630e-01
1.068325936794281006e-01
9.990017861127853394e-02
9.936713427305221558e-02
1.010141596198081970e-01
1.025540605187416077e-01
1.018647700548171997e-01
1.012013256549835205e-01
9.655480831861495972e-02
1.017433851957321167e-01
1.047630757093429565e-01
1.004083678126335144e-01
9.861356019973754883e-02
9.961937367916107178e-02
1.005129963159561157e-01
1.025810837745666504e-01
1.004456207156181335e-01
9.766755253076553345e-02
9.634674340486526489e-02
1.012102365493774414e-01
9.920110553503036499e-02
9.714335203170776367e-02
9.866887331008911133e-02
1.008106991648674011e-01
1.033505424857139587e-01
9.904292970895767212e-02
1.018852218985557556e-01
1.012734174728393555e-01
1.092374995350837708e-01
1.004457175731658936e-01
1.026886031031608582e-01
1.056000888347625732e-01
1.016899049282073975e-01
1.015674769878387451e-01
1.009894981980323792e-01
1.004028469324111938e-01
9.901157021522521973e-02
1.043231040239334106e-01
1.018785834312438965e-01
9.944783151149749756e-02
9.949938952922821045e-02
9.865672141313552856e-02
1.002692207694053650e-01
9.845944494009017944e-02
1.012761294841766357e-01
9.909379482269287109e-02
1.012580469250679016e-01
1.024971753358840942e-01
1.000316664576530457e-01
9.855867922306060791e-02
1.007551029324531555e-01
9.895352274179458618e-02
