1.026177108287811279e-01
9.994080662727355957e-02
9.865054488182067871e-02
1.027937456965446472e-01
1.018219664692878723e-01
9.332559257745742798e-02
9.796150028705596924e-02
1.051847115159034729e-01
1.012328714132308960e-01
1.010335534811019897e-01
1.025945693254470825e-01
1.063702404499053955e-01
1.009332463145256042e-01
1.027699336409568787e-01
1.042385101318359375e-01
1.002135500311851501e-01
1.020826175808906555e-01
1.020234823226928711e-01
9.862363338470458984e-02
1.020303964614868164e-01
9.739390015602111816e-02
1.000000014901161194e-01
1.003283858299255371e-01
9.727894514799118042e-02
1.022032126784324646e-01
9.834638983011245728e-02
1.013938635587692261e-01
1.005028337240219116e-01
1.024315282702445984e-01
1.031802743673324585e-01
1.020138114690780640e-01
9.887412190437316895e-02
1.018351167440414429e-01
9.906056523323059082e-02
1.000000014901161194e-01
1.005599647760391235e-01
1.008430346846580505e-01
9.676221758127212524e-02
1.108491569757461548e-01
1.009369120001792908e-01
9.910474717617034912e-02
9.911999106407165527e-02
9.898737072944641113e-02
9.863473474979400635e-02
1.006781831383705139e-01
1.021335273981094360e-01
1.165282502770423889e-01
1.042746230959892273e-01
1.004916727542877197e-01
1.052802577614784241e-01
