1.018397882580757141e-01
1.018116474151611328e-01
1.061687916517257690e-01
1.020771116018295288e-01
1.057496443390846252e-01
1.025769561529159546e-01
9.836752712726593018e-02
1.014251187443733215e-01
1.057836487889289856e-01
1.057896167039871216e-01
9.608024358749389648e-02
9.691824018955230713e-02
9.842860698699951172e-02
1.102281361818313599e-01
9.648557752370834351e-02
9.183211624622344971e-02
9.723376482725143433e-02
9.689117968082427979e-02
9.644969552755355835e-02
1.088238656520843506e-01
1.090296059846878052e-01
1.073927506804466248e-01
9.553658217191696167e-02
1.094514057040214539e-01
1.093079671263694763e-01
1.081881597638130188e-01
9.848643839359283447e-02
1.095667481422424316e-01
9.796215593814849854e-02
1.005792543292045593e-01
9.505917876958847046e-02
1.066581234335899353e-01
1.049994602799415588e-01
1.022982746362686157e-01
1.000304818153381348e-01
9.755579382181167603e-02
