1.002138331532478333e-01
9.841361641883850098e-02
9.866900742053985596e-02
1.008910164237022400e-01
9.837457537651062012e-02
1.028892025351524353e-01
9.935992211103439331e-02
1.044557392597198486e-01
1.000015959143638611e-01
9.822520613670349121e-02
1.015050932765007019e-01
9.702005982398986816e-02
9.932266920804977417e-02
1.014999896287918091e-01
1.006575897336006165e-01
1.024106070399284363e-01
9.678979218006134033e-02
1.010685935616493225e-01
9.706648439168930054e-02
1.030842587351799011e-01
9.916020929813385010e-02
9.974575787782669067e-02
9.932817518711090088e-02
9.757830947637557983e-02
1.006884500384330750e-01
9.951378405094146729e-02
1.004795059561729431e-01
1.000282838940620422e-01
9.812094271183013916e-02
9.718056768178939819e-02
1.014332696795463562e-01
1.011932790279388428e-01
9.735123068094253540e-02
1.017135679721832275e-01
9.966301172971725464e-02
1.003032773733139038e-01
9.834135323762893677e-02
1.009957119822502136e-01
1.000000014901161194e-01
9.480649232864379883e-02
1.016188487410545349e-01
9.976220130920410156e-02
1.015056818723678589e-01
1.023130491375923157e-01
9.777160733938217163e-02
1.005905941128730774e-01
1.014283597469329834e-01
9.886410832405090332e-02
1.029993295669555664e-01
1.022531315684318542e-01
9.963394701480865479e-02
1.021048501133918762e-01
9.809359163045883179e-02
9.964247792959213257e-02
1.014638468623161316e-01
9.853555262088775635e-02
1.049092188477516174e-01
9.976036101579666138e-02
9.968258440494537354e-02
1.026340052485466003e-01
9.827598929405212402e-02
1.010862886905670166e-01
9.702491015195846558e-02
1.004191413521766663e-01
