1.002267077565193176e-01
9.991089999675750732e-02
9.593440592288970947e-02
9.951221942901611328e-02
1.018481180071830750e-01
9.837042540311813354e-02
1.006712019443511963e-01
9.921157360076904297e-02
1.017246171832084656e-01
1.001053825020790100e-01
1.013997197151184082e-01
9.534432739019393921e-02
1.008237004280090332e-01
1.022182777523994446e-01
9.857513755559921265e-02
1.010117828845977783e-01
9.729844331741333008e-02
9.798172861337661743e-02
1.006196141242980957e-01
1.008059456944465637e-01
1.022552028298377991e-01
1.015316247940063477e-01
9.980658441781997681e-02
9.927097707986831665e-02
9.970824420452117920e-02
9.865796566009521484e-02
9.908848255872726440e-02
9.784049540758132935e-02
9.950925409793853760e-02
1.008558869361877441e-01
9.610860794782638550e-02
9.906596690416336060e-02
9.826806932687759399e-02
9.775669127702713013e-02
1.026339679956436157e-01
9.968781471252441406e-02
1.013853549957275391e-01
1.019185110926628113e-01
1.013909205794334412e-01
9.883711487054824829e-02
9.786570072174072266e-02
1.019727662205696106e-01
9.745603054761886597e-02
9.971509873867034912e-02
9.980794787406921387e-02
9.943491965532302856e-02
9.969449043273925781e-02
1.004196330904960632e-01
9.823719412088394165e-02
1.024950668215751648e-01
9.499909728765487671e-02
9.961718320846557617e-02
9.950672835111618042e-02
1.025373563170433044e-01
9.645367413759231567e-02
9.961580485105514526e-02
1.010697633028030396e-01
9.770496934652328491e-02
1.013244092464447021e-01
1.009396836161613464e-01
1.013200357556343079e-01
1.009506583213806152e-01
1.017736867070198059e-01
1.017336696386337280e-01
9.882051497697830200e-02
1.002318486571311951e-01
1.016950160264968872e-01
9.787099808454513550e-02
9.917778521776199341e-02
9.633938968181610107e-02
9.814278036355972290e-02
1.045127883553504944e-01
1.002734676003456116e-01
1.012948453426361084e-01
9.939796477556228638e-02
1.013994589447975159e-01
1.011049374938011169e-01
9.881892800331115723e-02
1.015500873327255249e-01
1.004243120551109314e-01
9.882090985774993896e-02
9.903391450643539429e-02
1.004944518208503723e-01
1.024685725569725037e-01
9.855020791292190552e-02
9.964740276336669922e-02
9.978382289409637451e-02
1.016857698559761047e-01
9.903487563133239746e-02
1.000148579478263855e-01
9.858715534210205078e-02
9.878116101026535034e-02
1.017429679632186890e-01
1.013807207345962524e-01
1.013186052441596985e-01
1.021089255809783936e-01
9.820806980133056641e-02
9.990079700946807861e-02
9.955262392759323120e-02
9.556117653846740723e-02
