9.777508676052093506e-02
1.020199507474899292e-01
1.003392487764358521e-01
1.023102328181266785e-01
9.827093034982681274e-02
9.830591827630996704e-02
9.907837957143783569e-02
1.012270078063011169e-01
9.901296347379684448e-02
9.582516551017761230e-02
9.951189905405044556e-02
9.991264343261718750e-02
9.958681464195251465e-02
1.000000014901161194e-01
1.006786599755287170e-01
9.913917630910873413e-02
1.028748825192451477e-01
1.005922257900238037e-01
1.028942391276359558e-01
1.022798493504524231e-01
1.024146601557731628e-01
9.985840320587158203e-02
1.010803878307342529e-01
9.980387985706329346e-02
1.020452156662940979e-01
1.026315018534660339e-01
1.002298891544342041e-01
9.795418381690979004e-02
1.027603447437286377e-01
1.040418669581413269e-01
1.006849110126495361e-01
1.031864359974861145e-01
1.043237745761871338e-01
1.022471636533737183e-01
9.898072481155395508e-02
1.009525805711746216e-01
1.061935573816299438e-01
1.012529134750366211e-01
9.624046087265014648e-02
9.961548447608947754e-02
1.022534668445587158e-01
1.006751880049705505e-01
9.968548268079757690e-02
1.002258881926536560e-01
1.000687107443809509e-01
9.882028400897979736e-02
1.069145277142524719e-01
9.960026293992996216e-02
