-1.744783483445644379e-02
9.629956632852554321e-02
7.288390398025512695e-02
-3.736399114131927490e-02
7.182361185550689697e-02
8.447846770286560059e-02
2.745632082223892212e-02
-8.238770067691802979e-02
-4.840440303087234497e-02
-8.827104419469833374e-02
7.599366456270217896e-02
1.328349113464355469e-02
9.579209238290786743e-02
-7.456088066101074219e-02
-2.217141725122928619e-02
-5.438139662146568298e-02
3.057135082781314850e-02
8.302412927150726318e-02
-4.641548730432987213e-03
7.641586661338806152e-02
2.118807472288608551e-02
4.833871871232986450e-02
-3.909414261579513550e-02
-9.762516617774963379e-02
7.287494838237762451e-02
-8.623078465461730957e-02
8.830105513334274292e-02
-8.800132572650909424e-02
-6.349802762269973755e-02
1.955799199640750885e-02
5.542625486850738525e-02
-1.314175873994827271e-02
-4.131566360592842102e-02
-6.643417477607727051e-02
-8.422801643610000610e-02
-6.823635846376419067e-02
8.016072958707809448e-02
-3.722028061747550964e-02
7.090649753808975220e-02
-6.127098202705383301e-02
-4.379201307892799377e-02
-6.757733970880508423e-02
-6.008423119783401489e-02
4.694607481360435486e-02
4.847549274563789368e-02
1.119966059923171997e-02
-1.026821229606866837e-02
8.461526781320571899e-02
4.044782370328903198e-02
6.333661265671253204e-03
-1.728319912217557430e-03
8.644568175077438354e-02
2.851475030183792114e-02
1.879928022390231490e-04
-8.582933992147445679e-02
-6.428865343332290649e-02
-4.175743460655212402e-02
4.404578357934951782e-02
-1.277026720345020294e-02
4.940839856863021851e-02
2.445525751681998372e-05
9.964504092931747437e-02
3.404355049133300781e-02
8.644245564937591553e-02
8.912707120180130005e-02
8.816820383071899414e-02
-8.081863820552825928e-02
8.776323497295379639e-02
1.523082982748746872e-02
-7.586035877466201782e-02
-7.762712240219116211e-02
-4.275454208254814148e-02
-9.043115377426147461e-02
2.229988109320402145e-03
8.437526226043701172e-02
4.404713865369558334e-03
-1.903475821018218994e-02
-1.535817049443721771e-02
7.836706191301345825e-02
-2.641508914530277252e-02
7.885764539241790771e-02
1.749386452138423920e-02
-7.490514963865280151e-02
-4.873130936175584793e-03
-6.597899645566940308e-02
4.344220831990242004e-02
-1.413231343030929565e-02
2.744704298675060272e-02
-4.514322802424430847e-02
-6.421344727277755737e-02
-1.194600947201251984e-02
8.183644711971282959e-02
-1.261346973478794098e-03
-8.038220554590225220e-02
-8.322131179738789797e-07
7.333688437938690186e-02
-9.074410051107406616e-02
1.015232037752866745e-02
-2.923227101564407349e-02
-2.122914232313632965e-02
4.429502040147781372e-02
-4.898393526673316956e-02
-4.482640698552131653e-02
4.019193723797798157e-02
6.479146331548690796e-02
8.401156961917877197e-02
6.940268725156784058e-02
8.150126785039901733e-02
-8.596193045377731323e-02
-8.900041133165359497e-02
-3.322543948888778687e-02
-4.877725988626480103e-02
-5.409741401672363281e-02
2.363300509750843048e-02
5.937651544809341431e-02
-7.491289079189300537e-02
-9.909694641828536987e-02
-5.612969771027565002e-02
3.170472756028175354e-02
7.192347943782806396e-02
-9.817998856306076050e-02
-9.561734646558761597e-02
1.596811413764953613e-02
1.497284229844808578e-02
-6.717225164175033569e-02
3.351158648729324341e-02
9.580450505018234253e-02
2.229160070419311523e-02
8.303338289260864258e-02
1.017163228243589401e-02
-7.622195780277252197e-02
9.739770740270614624e-02
-3.653557598590850830e-02
-4.535965248942375183e-02
2.503670565783977509e-02
5.556024610996246338e-02
6.437604874372482300e-02
3.703689202666282654e-02
-2.998489886522293091e-02
1.373651321046054363e-03
8.589722961187362671e-02
-5.947297438979148865e-02
9.191459976136684418e-03
5.761274136602878571e-03
-8.750633895397186279e-02
-5.754890665411949158e-02
7.746949046850204468e-02
-8.352150022983551025e-02
6.197209656238555908e-02
-1.893591508269309998e-02
-8.796600252389907837e-02
9.933101385831832886e-02
-1.732348278164863586e-02
3.808092093095183372e-03
1.321718189865350723e-02
5.761740356683731079e-02
6.778031587600708008e-02
4.274398088455200195e-02
9.787980467081069946e-02
-3.740769624710083008e-02
-1.266474463045597076e-02
6.736236065626144409e-02
1.970103196799755096e-02
6.471512466669082642e-02
-8.523494750261306763e-02
6.915237009525299072e-02
1.471318863332271576e-02
4.257905855774879456e-02
-3.057769313454627991e-02
1.925785653293132782e-02
7.566314935684204102e-02
4.023349657654762268e-02
-5.106172710657119751e-02
-8.542901277542114258e-02
-6.614985316991806030e-02
4.638564586639404297e-02
-3.114055842161178589e-02
9.527051448822021484e-02
6.577676534652709961e-02
9.775422513484954834e-02
-7.636350393295288086e-02
6.170655414462089539e-02
3.710152208805084229e-02
-3.333588689565658569e-02
8.051700890064239502e-02
-6.276324391365051270e-02
5.746994912624359131e-02
-2.056465111672878265e-02
7.635279744863510132e-02
2.697264030575752258e-02
-5.614969134330749512e-02
-8.168645203113555908e-02
-1.330582145601511002e-02
2.505605109035968781e-02
2.816473715938627720e-04
-9.375938214361667633e-03
-4.589135944843292236e-02
-4.183873534202575684e-03
-4.823587462306022644e-02
8.320912718772888184e-02
1.022014990448951721e-01
3.379345685243606567e-02
9.279673546552658081e-02
-1.061153504997491837e-02
1.162122413516044617e-01
3.326712548732757568e-02
8.928783237934112549e-02
-6.676890701055526733e-02
8.962596207857131958e-02
-2.147369831800460815e-02
-2.378220111131668091e-02
6.973622739315032959e-02
1.125090718269348145e-01
-3.494000807404518127e-02
5.876679345965385437e-02
-6.908360868692398071e-02
6.967975944280624390e-02
1.046779230237007141e-01
5.848465859889984131e-02
5.262365192174911499e-02
-6.577883660793304443e-02
7.345017045736312866e-02
4.897715896368026733e-02
-4.153256304562091827e-03
3.117237240076065063e-02
-6.662304699420928955e-02
7.369179278612136841e-02
-7.903642021119594574e-03
-2.340212464332580566e-02
7.912196964025497437e-02
-5.178453028202056885e-02
8.884625881910324097e-02
8.697961270809173584e-02
4.997064918279647827e-02
-3.149315714836120605e-02
4.209697991609573364e-02
8.143345266580581665e-02
-9.603946655988693237e-02
-8.742650598287582397e-02
2.296587638556957245e-02
-6.553085148334503174e-02
-3.966958075761795044e-02
2.325380966067314148e-02
-5.428449064493179321e-02
1.789620891213417053e-02
-2.068824507296085358e-02
4.626041278243064880e-02
4.250697325915098190e-03
1.187658496201038361e-02
2.720930799841880798e-02
-7.626723498106002808e-02
7.797691226005554199e-02
2.277244627475738525e-02
-7.524246722459793091e-02
9.755989164113998413e-02
-6.069716438651084900e-02
7.069518417119979858e-02
-8.768700808286666870e-02
5.546071007847785950e-02
7.862112671136856079e-02
5.059948936104774475e-02
-2.951741404831409454e-02
-1.375329960137605667e-02
8.982111513614654541e-02
-4.872290417551994324e-02
-7.248089183121919632e-03
8.370518335141241550e-04
-5.031615868210792542e-02
-3.080506436526775360e-02
-9.135178476572036743e-02
8.703135699033737183e-02
-3.760746121406555176e-02
5.896710976958274841e-02
-1.108703203499317169e-02
7.179666310548782349e-02
-8.379977196455001831e-02
-1.202647946774959564e-02
5.367207154631614685e-02
-2.063579158857464790e-03
-3.124098293483257294e-02
5.687247961759567261e-02
7.689984887838363647e-02
6.936854124069213867e-02
8.505222201347351074e-02
4.697555303573608398e-02
5.357897840440273285e-03
9.017762541770935059e-02
-5.023582279682159424e-02
2.182782441377639771e-02
-4.780691862106323242e-02
-6.438923999667167664e-03
1.382446754723787308e-02
4.069450497627258301e-02
-8.436751365661621094e-02
8.710759133100509644e-02
2.192518115043640137e-02
5.985610187053680420e-02
9.518536180257797241e-02
-8.370936266146600246e-04
3.071009740233421326e-02
-1.202211342751979828e-02
9.201256930828094482e-02
-2.648867480456829071e-02
2.338956110179424286e-02
5.473606660962104797e-02
4.854535683989524841e-03
-5.205622315406799316e-02
9.223122894763946533e-02
7.763064652681350708e-02
-5.419977242127060890e-05
5.063667148351669312e-02
-7.149690762162208557e-03
8.536694943904876709e-02
3.528111055493354797e-02
6.927578151226043701e-02
-9.027405083179473877e-02
-9.208335727453231812e-02
-4.420600458979606628e-02
2.185465767979621887e-02
-6.696570664644241333e-02
4.889219999313354492e-02
-5.941738188266754150e-02
-9.521076083183288574e-02
6.669034715741872787e-03
3.483141586184501648e-02
-8.262272924184799194e-03
2.423321455717086792e-02
2.484346926212310791e-02
-3.143200278282165527e-02
-5.167969316244125366e-02
-7.816438376903533936e-02
5.830211937427520752e-02
2.455090917646884918e-02
5.864775925874710083e-02
3.987886011600494385e-02
6.250034272670745850e-02
-4.877722822129726410e-03
-2.838276885449886322e-02
3.255206160247325897e-03
-1.697228476405143738e-02
-1.186453644186258316e-02
-9.137599915266036987e-02
-6.546577066183090210e-02
5.417969077825546265e-02
1.586370542645454407e-02
-6.941687315702438354e-02
6.366243958473205566e-02
-7.760848850011825562e-02
-6.460927426815032959e-02
-1.701780967414379120e-02
-4.138584807515144348e-02
-3.744233027100563049e-02
5.700477212667465210e-02
-2.522137761116027832e-02
-8.629415184259414673e-02
-8.109784871339797974e-02
4.278494790196418762e-02
1.017655283212661743e-01
-5.324812233448028564e-02
-1.578389108180999756e-02
-4.513351304922252893e-04
2.713288366794586182e-02
-9.817898273468017578e-03
3.297032788395881653e-02
-8.334172889590263367e-03
-8.584117889404296875e-02
8.362401276826858521e-02
7.901423424482345581e-02
3.406826406717300415e-02
6.666164845228195190e-02
-7.881126552820205688e-02
5.318818986415863037e-02
-5.249061807990074158e-02
3.637050092220306396e-02
-3.826671838760375977e-02
5.452000722289085388e-02
-4.403816536068916321e-02
-4.931324347853660583e-02
-3.363383188843727112e-02
7.903216034173965454e-02
9.894772619009017944e-02
5.324308294802904129e-03
-6.395546253770589828e-03
-5.465818103402853012e-03
-1.020162086933851242e-02
8.765155076980590820e-02
1.030452083796262741e-02
9.224861115217208862e-02
-2.176962606608867645e-02
-6.586936861276626587e-02
5.549348145723342896e-02
4.781963676214218140e-02
8.327972143888473511e-02
2.253885567188262939e-02
4.366604238748550415e-02
9.237935394048690796e-02
4.803691431879997253e-02
7.635200023651123047e-02
1.452747639268636703e-02
-1.490046922117471695e-02
-5.352877452969551086e-02
8.971424773335456848e-03
-6.107597053050994873e-02
7.570648938417434692e-02
-4.853600263595581055e-02
9.643930941820144653e-02
5.904055759310722351e-02
9.097010642290115356e-02
7.837988436222076416e-02
8.756461739540100098e-02
-3.523808345198631287e-02
-5.310995131731033325e-02
-5.630320683121681213e-02
9.473875910043716431e-02
5.987264681607484818e-03
-6.703734397888183594e-02
6.557264178991317749e-02
-5.735506489872932434e-02
6.980640441179275513e-02
6.146423518657684326e-02
9.288798272609710693e-02
-6.028033792972564697e-02
1.737850159406661987e-02
-6.320678442716598511e-02
8.676429837942123413e-02
-4.873022437095642090e-02
-8.892627060413360596e-02
6.198712810873985291e-02
2.660357020795345306e-02
2.440383099019527435e-02
8.676830679178237915e-02
8.167889714241027832e-02
-6.510484963655471802e-03
-5.517673119902610779e-02
-3.099584020674228668e-02
-5.530346184968948364e-03
8.263323456048965454e-02
6.666458398103713989e-02
8.950904011726379395e-02
-6.034481525421142578e-02
2.382207475602626801e-02
1.445443928241729736e-02
-5.179043486714363098e-02
-7.112050801515579224e-02
-6.626699119806289673e-02
3.133270516991615295e-02
-2.570011839270591736e-02
1.954142935574054718e-02
9.430290758609771729e-02
9.539927542209625244e-02
-4.854372888803482056e-02
3.192100301384925842e-02
-6.673874706029891968e-02
-2.743568643927574158e-02
-4.458464682102203369e-02
-4.063679277896881104e-02
2.744433656334877014e-02
3.563932329416275024e-02
5.392775870859622955e-03
4.387740045785903931e-02
-8.626989088952541351e-03
-8.299874514341354370e-02
-1.161778066307306290e-02
5.376260727643966675e-02
2.523730508983135223e-03
2.065608464181423187e-02
8.943745493888854980e-02
4.558236524462699890e-02
5.983640253543853760e-02
7.700064033269882202e-02
3.206886723637580872e-02
-7.310380786657333374e-02
-5.957366526126861572e-02
2.389824017882347107e-02
7.690241932868957520e-02
-8.473340421915054321e-02
2.874302119016647339e-02
1.546064112335443497e-02
4.895390942692756653e-02
-4.837489873170852661e-02
6.629934161901473999e-02
-2.269954979419708252e-02
-1.925408869283273816e-04
-8.319434523582458496e-02
3.322845324873924255e-02
1.506138709373772144e-03
4.738178104162216187e-02
7.467927783727645874e-02
4.639965668320655823e-02
3.228790685534477234e-02
4.803776741027832031e-02
6.839528679847717285e-02
9.595435112714767456e-02
-6.783910095691680908e-02
1.029685065150260925e-01
7.104662060737609863e-02
8.053788542747497559e-02
-2.259060926735401154e-02
-4.312580078840255737e-02
5.493815988302230835e-02
8.073800057172775269e-02
9.082841128110885620e-02
-6.571585778146982193e-03
6.494546681642532349e-02
-3.251060470938682556e-02
-2.883650176227092743e-02
2.586594223976135254e-02
-6.982938945293426514e-02
7.399648427963256836e-02
-6.500288844108581543e-02
-4.102435708045959473e-02
8.473132550716400146e-02
8.427546918392181396e-02
7.039418816566467285e-02
1.138483360409736633e-02
-1.647284626960754395e-02
-7.116693258285522461e-02
8.495713770389556885e-02
4.577749967575073242e-02
2.846379019320011139e-02
8.944606035947799683e-02
2.674875035881996155e-02
-4.800686240196228027e-02
-4.803810641169548035e-02
-2.106778137385845184e-02
4.601211845874786377e-02
1.877434737980365753e-02
-6.760314106941223145e-02
8.579540997743606567e-02
2.865220420062541962e-02
5.484988540410995483e-02
4.361687600612640381e-02
-4.170623142272233963e-04
-5.332392081618309021e-02
8.639597892761230469e-02
9.415750205516815186e-02
-7.383380830287933350e-02
-2.324225939810276031e-02
-5.518969148397445679e-02
8.327442407608032227e-02
-5.570615828037261963e-02
9.506299393251538277e-04
-7.216133177280426025e-03
8.867073804140090942e-02
2.687790058553218842e-02
-3.640903532505035400e-02
-7.150388788431882858e-03
-7.161456346511840820e-02
6.233418826013803482e-03
-4.537644237279891968e-02
3.027070686221122742e-02
8.678852021694183350e-02
2.226105332374572754e-02
-6.278334558010101318e-02
-6.028639897704124451e-02
4.527359455823898315e-02
1.965890638530254364e-02
4.414107650518417358e-02
-2.329176524654030800e-03
9.896437078714370728e-02
7.607389986515045166e-02
6.936283409595489502e-02
-7.133414596319198608e-02
9.149480611085891724e-02
4.895446822047233582e-02
-2.074394002556800842e-02
-8.375681191682815552e-02
-2.346584200859069824e-02
6.758823245763778687e-02
-2.519693784415721893e-02
-9.206035733222961426e-02
-6.096283718943595886e-02
-9.473794139921665192e-03
6.383229792118072510e-02
-4.433253034949302673e-02
8.381024934351444244e-03
4.442797973752021790e-02
-1.970184966921806335e-02
-5.194471776485443115e-02
-8.273409679532051086e-03
6.461489200592041016e-02
-2.946736291050910950e-02
2.874680235981941223e-02
-4.109997302293777466e-02
-1.278528757393360138e-02
-7.256720215082168579e-02
1.236479170620441437e-02
-5.433508381247520447e-02
-6.760738790035247803e-02
1.264962181448936462e-02
-7.249332219362258911e-02
-3.139200434088706970e-02
8.569529652595520020e-02
2.162141352891921997e-02
-1.955622993409633636e-02
2.828553132712841034e-02
-9.071478620171546936e-03
-9.615663439035415649e-02
-1.097300499677658081e-01
-6.151901558041572571e-02
1.422468293458223343e-02
-5.928550660610198975e-02
8.385870605707168579e-02
-1.050791610032320023e-02
-3.743468318134546280e-03
-9.038172662258148193e-02
3.140088915824890137e-02
-8.000858873128890991e-02
3.129928931593894958e-02
-2.194217778742313385e-02
1.412303932011127472e-02
-7.532011717557907104e-02
9.882026351988315582e-03
4.352038353681564331e-02
1.330886385403573513e-03
8.105954527854919434e-02
4.065959900617599487e-02
-3.897242993116378784e-02
-5.370080843567848206e-02
2.424400486052036285e-02
1.536071486771106720e-02
3.753492608666419983e-02
-3.797065839171409607e-02
7.766193896532058716e-02
-5.982071161270141602e-03
2.510663866996765137e-02
-1.753637939691543579e-02
3.837100416421890259e-02
-8.019396662712097168e-02
3.846484422683715820e-02
-9.150567650794982910e-02
-1.370674464851617813e-02
-2.927282080054283142e-02
-1.363343035336583853e-04
-7.145565003156661987e-02
-3.838907554745674133e-02
-4.520703852176666260e-02
-5.653963610529899597e-02
6.268016993999481201e-02
-4.257549345493316650e-02
7.508349418640136719e-02
3.429825603961944580e-02
-3.030182234942913055e-02
1.677047088742256165e-02
5.583784729242324829e-02
-4.061733931303024292e-02
1.079614534974098206e-01
9.044484794139862061e-02
2.733593247830867767e-02
5.127691850066184998e-02
5.011228378862142563e-03
6.312695890665054321e-02
-3.902446851134300232e-02
3.194056823849678040e-02
1.032797340303659439e-02
-3.693315386772155762e-02
-2.840694040060043335e-02
-4.323031008243560791e-02
-2.231822162866592407e-02
-8.208968490362167358e-02
-7.363308966159820557e-02
2.640598081052303314e-02
-1.483994442969560623e-02
7.583060860633850098e-02
-6.685028225183486938e-02
5.791864171624183655e-02
-4.374414309859275818e-02
-2.766637876629829407e-02
-5.451916903257369995e-02
-5.966881662607192993e-02
1.094922889024019241e-02
-1.892469264566898346e-02
-5.333222821354866028e-02
9.110107272863388062e-02
-5.514163523912429810e-03
7.752364873886108398e-02
6.670913845300674438e-02
-6.524524092674255371e-02
-2.405543811619281769e-02
7.008344680070877075e-02
-8.193106204271316528e-02
-3.396842256188392639e-02
8.821956813335418701e-02
2.544570900499820709e-02
3.886416181921958923e-02
-8.062433451414108276e-02
-2.749262750148773193e-02
-4.897125810384750366e-02
1.258615124970674515e-02
-6.579934060573577881e-02
-5.059097334742546082e-02
8.158006519079208374e-02
6.835170835256576538e-02
-3.592469030991196632e-03
9.245893359184265137e-02
-5.820607021450996399e-02
5.076882988214492798e-02
8.636466413736343384e-02
6.804908066987991333e-02
1.061768233776092529e-01
4.758077114820480347e-02
-5.294760689139366150e-02
-9.440884925425052643e-03
-6.130245327949523926e-02
7.874395232647657394e-04
4.108681902289390564e-02
5.513210967183113098e-02
-3.778862953186035156e-02
-5.323157832026481628e-02
-4.865645617246627808e-02
-2.267575450241565704e-02
-4.414072632789611816e-02
4.901251196861267090e-02
-5.111081525683403015e-02
9.663325548171997070e-02
8.351585268974304199e-02
2.416872419416904449e-03
2.311627566814422607e-02
-5.392167717218399048e-02
-8.313982933759689331e-02
-1.871391385793685913e-02
1.018989309668540955e-01
3.378961980342864990e-02
9.556342661380767822e-02
1.095358431339263916e-01
-1.813657395541667938e-02
-5.693447217345237732e-02
4.189176857471466064e-02
-3.527881950139999390e-02
3.901271149516105652e-02
-7.061810791492462158e-02
-1.709351316094398499e-02
-2.748994342982769012e-02
1.672614924609661102e-02
-5.041156336665153503e-02
1.524403598159551620e-02
8.117520064115524292e-02
3.294787183403968811e-02
2.404919825494289398e-02
8.405171334743499756e-02
2.838932164013385773e-02
-1.212820131331682205e-02
3.871779516339302063e-02
1.045157238841056824e-01
9.346659481525421143e-02
-4.548298195004463196e-02
6.183806061744689941e-02
1.014889776706695557e-01
-6.626298278570175171e-02
7.677998393774032593e-02
1.575452648103237152e-02
-8.139652758836746216e-02
-6.673200055956840515e-03
5.418079718947410583e-02
7.160852849483489990e-02
1.033149212598800659e-01
6.975883990526199341e-02
-9.985246695578098297e-03
4.296188801527023315e-02
4.970133304595947266e-02
-5.651982128620147705e-02
1.333003491163253784e-02
3.647609800100326538e-02
-8.014414459466934204e-02
-7.191815879195928574e-03
-3.949151933193206787e-02
7.007072120904922485e-02
-5.314829200506210327e-02
-4.508344084024429321e-02
-3.820584341883659363e-02
-1.221868116408586502e-02
7.363798469305038452e-02
-2.177829667925834656e-02
-4.375108331441879272e-02
-1.625164970755577087e-02
3.554723039269447327e-02
6.744023412466049194e-02
4.066395387053489685e-02
7.159632444381713867e-02
6.217802688479423523e-02
3.211169317364692688e-02
6.325580924749374390e-02
4.484553262591362000e-02
-2.537107467651367188e-02
7.662050426006317139e-03
3.612583875656127930e-02
8.663119748234748840e-03
7.734012603759765625e-02
-7.996256649494171143e-02
5.443393439054489136e-02
-7.021190971136093140e-02
-7.904050499200820923e-02
3.371454030275344849e-02
1.822179742157459259e-02
4.328760504722595215e-02
-3.638387843966484070e-02
1.267814636230468750e-02
-9.729097038507461548e-02
4.001604393124580383e-02
-9.480898082256317139e-02
-6.091685220599174500e-02
-8.563946187496185303e-02
-1.079618558287620544e-02
4.394017159938812256e-02
3.205658495426177979e-02
-9.369297325611114502e-02
-8.027039468288421631e-02
3.539393097162246704e-02
-9.315281361341476440e-02
7.532463967800140381e-02
-9.113055467605590820e-02
3.641382604837417603e-02
-6.326871365308761597e-02
-2.239547297358512878e-02
-8.720901608467102051e-02
-8.117216080427169800e-02
-5.074152257293462753e-03
1.443421468138694763e-02
6.488757673650979996e-03
5.411920696496963501e-02
-4.965610429644584656e-02
4.074109345674514771e-02
7.369010895490646362e-02
-6.248035281896591187e-02
-5.408483371138572693e-02
-9.265188872814178467e-02
-1.116423904895782471e-01
-1.112590506672859192e-01
-2.677338197827339172e-03
-7.008208334445953369e-02
-7.624015957117080688e-02
-8.234665542840957642e-02
8.233593404293060303e-02
-6.170844286680221558e-02
2.835206687450408936e-02
4.959129914641380310e-02
-4.274592921137809753e-02
9.235169738531112671e-02
-2.883941121399402618e-02
-5.037735402584075928e-02
-4.009236767888069153e-02
-7.935249805450439453e-02
-6.824316922575235367e-03
3.931832313537597656e-02
9.622391313314437866e-02
5.527782440185546875e-02
-6.154171377420425415e-02
6.852188706398010254e-02
-6.053863093256950378e-02
-7.969528436660766602e-02
-6.996187567710876465e-02
-9.036205708980560303e-02
7.000074535608291626e-02
5.493671447038650513e-02
3.842374309897422791e-02
-6.275026500225067139e-02
-6.080786883831024170e-02
-8.595022559165954590e-02
7.545264065265655518e-02
2.972321212291717529e-02
-6.411772221326828003e-02
-2.401414141058921814e-02
9.209138154983520508e-02
-7.608870416879653931e-02
1.185728795826435089e-02
6.782917678356170654e-02
1.220938470214605331e-02
1.047762930393218994e-01
-2.166345901787281036e-02
-1.014172099530696869e-02
1.045657545328140259e-01
2.254482544958591461e-02
-1.187238283455371857e-02
9.063416719436645508e-02
1.080739051103591919e-01
-1.585499569773674011e-02
-6.235403195023536682e-02
-4.419207945466041565e-02
-3.970826417207717896e-02
-5.226837471127510071e-02
5.896005406975746155e-02
6.297489255666732788e-02
3.190566226840019226e-02
9.230271726846694946e-02
9.407922625541687012e-02
8.048212528228759766e-02
8.956787735223770142e-02
1.658390276134014130e-02
4.738407582044601440e-02
-2.368804812431335449e-02
8.104456961154937744e-02
1.027065142989158630e-01
-2.642364427447319031e-02
-4.020676016807556152e-02
6.912458688020706177e-02
-5.277629196643829346e-02
1.187226176261901855e-01
3.732572495937347412e-02
5.514514073729515076e-02
2.596166543662548065e-02
7.013987004756927490e-02
2.852893248200416565e-02
-2.906554751098155975e-02
2.725086919963359833e-02
-2.340236678719520569e-02
1.602378790266811848e-03
4.473837465047836304e-02
8.443369530141353607e-03
4.560985043644905090e-02
7.757844775915145874e-02
4.572354629635810852e-02
-6.185662001371383667e-03
-5.563410744071006775e-02
1.683484017848968506e-02
1.894191838800907135e-02
-6.109383329749107361e-02
1.333065889775753021e-02
5.253119394183158875e-02
7.759291678667068481e-02
2.429222129285335541e-02
4.062148183584213257e-02
-2.830674126744270325e-02
-5.546968430280685425e-02
7.280033081769943237e-02
-4.988527670502662659e-02
4.465982317924499512e-02
4.439525306224822998e-02
2.487312071025371552e-02
7.182799279689788818e-02
-4.797946289181709290e-02
8.461365103721618652e-02
6.745762377977371216e-02
-4.477642849087715149e-02
5.322268605232238770e-02
-2.223197184503078461e-02
2.023985609412193298e-03
-7.487294822931289673e-02
4.965115338563919067e-02
-1.023606304079294205e-02
-8.144267648458480835e-02
-8.854293078184127808e-02
-4.455699771642684937e-02
-6.472839415073394775e-02
-3.671284066513180733e-03
-6.850481778383255005e-02
-4.950238764286041260e-02
7.994718104600906372e-02
-2.954196929931640625e-02
8.753863163292407990e-03
-2.283919043838977814e-02
9.178738296031951904e-02
9.387791156768798828e-03
-4.176763072609901428e-02
6.510289758443832397e-02
4.407141730189323425e-02
3.810133785009384155e-02
-8.295481652021408081e-02
2.556848153471946716e-02
4.907079041004180908e-02
9.195306897163391113e-02
-1.229278836399316788e-02
-8.664015680551528931e-02
5.531433969736099243e-02
5.063783749938011169e-02
2.300744503736495972e-02
-5.638148263096809387e-02
-1.741023361682891846e-02
-3.621097654104232788e-02
-9.606395661830902100e-02
4.860333725810050964e-02
-9.066356718540191650e-02
-4.642774537205696106e-02
-3.256662562489509583e-02
-4.766134545207023621e-03
-7.032308727502822876e-02
-8.006428927183151245e-02
4.171431437134742737e-02
7.037894427776336670e-02
-6.260600686073303223e-02
-2.594725973904132843e-02
-2.171061187982559204e-02
-5.968584865331649780e-02
-9.137343615293502808e-02
6.538547575473785400e-02
-6.232386082410812378e-02
-9.077689796686172485e-02
3.046480193734169006e-02
-5.855291616171598434e-03
4.450440034270286560e-02
-5.543158575892448425e-02
2.222241833806037903e-02
1.422124635428190231e-02
2.482114173471927643e-02
2.834543585777282715e-02
1.911004446446895599e-02
-5.371001735329627991e-02
5.749206617474555969e-02
9.532433748245239258e-02
1.635741256177425385e-02
-6.107115652412176132e-03
-3.660213574767112732e-02
-1.008989587426185608e-01
-8.633825927972793579e-02
-9.138768166303634644e-02
-2.491624839603900909e-02
-8.603442460298538208e-02
-9.019193239510059357e-03
4.277646541595458984e-02
-5.689407233148813248e-03
4.468058422207832336e-02
8.758147060871124268e-02
-4.205243289470672607e-02
-5.528095737099647522e-02
2.371186576783657074e-02
-2.950403094291687012e-02
1.043214052915573120e-01
1.028779596090316772e-01
-5.078409239649772644e-02
-4.820786789059638977e-02
-3.306725621223449707e-02
3.061596117913722992e-02
6.878900527954101562e-02
8.167407661676406860e-02
4.919365420937538147e-02
4.200638085603713989e-02
-3.436212241649627686e-02
2.860656939446926117e-02
-1.480762846767902374e-02
-2.230364270508289337e-02
-1.028742641210556030e-01
-5.839225277304649353e-02
-3.546465933322906494e-02
6.306326389312744141e-02
-2.863321453332901001e-02
-7.700669020414352417e-02
6.031740456819534302e-02
5.686164647340774536e-02
1.459002122282981873e-02
-6.913650035858154297e-02
-4.309089854359626770e-03
-3.239101171493530273e-02
-1.418620930053293705e-03
7.519167661666870117e-02
7.208985835313796997e-02
3.554637730121612549e-02
6.243140622973442078e-02
7.321516424417495728e-02
7.885482907295227051e-02
-9.463670663535594940e-03
5.814365576952695847e-03
3.663035109639167786e-02
3.936674911528825760e-03
2.907680813223123550e-03
3.315798239782452583e-03
4.136735945940017700e-02
1.030568853020668030e-01
-8.067850768566131592e-02
3.426271304488182068e-02
-7.553173601627349854e-02
1.008059363812208176e-02
-7.824706286191940308e-02
4.798362031579017639e-02
-3.700967505574226379e-02
1.131323631852865219e-02
-1.401475258171558380e-02
-8.366635441780090332e-02
7.606188207864761353e-02
3.669875115156173706e-02
-9.037304669618606567e-02
-2.412094548344612122e-02
2.586748264729976654e-02
-2.747766487300395966e-02
-5.904701352119445801e-02
-2.627972885966300964e-02
-8.909437060356140137e-02
6.211235374212265015e-02
-6.149832904338836670e-02
3.311669919639825821e-03
4.676972702145576477e-02
5.747715383768081665e-02
-5.976678058505058289e-02
4.067381471395492554e-02
4.885076731443405151e-02
-3.453822061419487000e-02
-4.297398775815963745e-02
1.064222902059555054e-01
5.858301371335983276e-02
8.372273296117782593e-02
5.568538606166839600e-02
-3.010234795510768890e-02
1.443227659910917282e-02
-8.073154836893081665e-02
5.216636136174201965e-02
6.407572329044342041e-02
-4.964015260338783264e-02
-3.339101746678352356e-02
-3.159406408667564392e-02
2.003162540495395660e-02
1.411830354481935501e-02
-7.846604287624359131e-02
4.247805103659629822e-02
6.530269980430603027e-02
6.170894950628280640e-02
-2.403689431957900524e-04
3.653402253985404968e-02
1.189862191677093506e-01
4.216286167502403259e-02
7.026555389165878296e-02
-1.197167858481407166e-02
-1.519350707530975342e-02
9.916662424802780151e-02
2.452015690505504608e-02
8.687704801559448242e-02
1.728769764304161072e-02
1.035380065441131592e-01
-4.931071028113365173e-02
4.508350044488906860e-02
-6.069049611687660217e-02
-1.417199056595563889e-02
-9.024537354707717896e-02
2.216107398271560669e-02
8.205104619264602661e-02
-8.923097699880599976e-02
6.850862503051757812e-02
-8.877341449260711670e-02
6.245526298880577087e-02
3.091809526085853577e-02
-4.679000750184059143e-02
-7.188311219215393066e-02
3.374415636062622070e-02
-7.202381268143653870e-03
8.518622815608978271e-02
1.393856480717658997e-02
4.988513514399528503e-02
2.134538441896438599e-02
9.307311475276947021e-02
7.035800814628601074e-02
8.875254541635513306e-02
9.448145329952239990e-02
-2.115477807819843292e-02
4.295255243778228760e-02
-6.365378946065902710e-02
5.961130186915397644e-02
3.847035393118858337e-02
4.545197635889053345e-02
5.377527326345443726e-02
7.398431655019521713e-03
-2.383759990334510803e-02
-9.254837781190872192e-02
1.838928833603858948e-02
1.936136977747082710e-03
8.804789185523986816e-02
4.688118770718574524e-02
-3.270134329795837402e-02
6.519187986850738525e-02
7.858016341924667358e-02
-1.135950069874525070e-02
4.086602479219436646e-02
4.531699791550636292e-02
-1.895985752344131470e-02
-2.702604234218597412e-02
6.673417985439300537e-02
1.747910864651203156e-02
8.934462070465087891e-02
-6.774292141199111938e-02
5.814671516418457031e-02
1.017563194036483765e-01
-6.354998797178268433e-02
5.198042094707489014e-02
9.007151424884796143e-02
-6.809113919734954834e-02
7.749658077955245972e-02
-6.131539121270179749e-02
3.043990768492221832e-02
-2.413152344524860382e-02
4.365209117531776428e-02
-7.203090190887451172e-02
5.886172875761985779e-02
-3.341893106698989868e-02
3.117286972701549530e-02
9.854161739349365234e-02
5.672836303710937500e-02
-5.504486337304115295e-02
-2.284333808347582817e-03
1.538321655243635178e-02
6.672816723585128784e-02
2.539849467575550079e-02
1.070780605077743530e-01
3.166378289461135864e-02
-6.425655633211135864e-02
1.132530272006988525e-01
1.092911511659622192e-01
7.835651189088821411e-02
8.201384544372558594e-02
-5.952541157603263855e-02
6.319725513458251953e-02
6.751878559589385986e-02
7.459672633558511734e-03
5.506535619497299194e-02
-7.214488834142684937e-02
3.312794491648674011e-02
-2.078847587108612061e-02
-4.872091487050056458e-02
-6.796026974916458130e-02
7.737267762422561646e-02
6.559861451387405396e-02
7.751627266407012939e-02
3.061225265264511108e-02
-6.585294753313064575e-02
-6.812407821416854858e-02
7.358617335557937622e-02
-5.998947843909263611e-02
7.609465718269348145e-02
7.440247386693954468e-02
-4.214166477322578430e-02
-8.266400545835494995e-02
8.180037140846252441e-02
-4.025067389011383057e-02
7.918184995651245117e-02
7.853954285383224487e-02
-8.224425837397575378e-03
3.178351372480392456e-02
-7.263360172510147095e-02
7.089018076658248901e-02
3.907230123877525330e-02
1.324499608017504215e-03
1.636693440377712250e-02
-5.098205059766769409e-02
6.201985478401184082e-02
-7.832819223403930664e-02
6.267935037612915039e-02
6.579209864139556885e-02
3.850236907601356506e-02
1.374345645308494568e-02
-6.385131925344467163e-02
-5.198252201080322266e-02
2.917052991688251495e-02
1.346046384423971176e-02
9.546176530420780182e-03
7.560175657272338867e-02
9.452666342258453369e-02
1.037514954805374146e-01
8.427925407886505127e-02
-8.535384200513362885e-03
1.676766946911811829e-02
1.014799326658248901e-01
-1.980294845998287201e-02
-3.335056826472282410e-02
2.407778613269329071e-02
6.623635441064834595e-02
-2.205969393253326416e-02
2.064999379217624664e-02
-7.085052877664566040e-02
9.397746063768863678e-03
6.357891857624053955e-02
1.953670522198081017e-03
6.978946924209594727e-02
8.401954174041748047e-02
7.274511456489562988e-02
-1.074862200766801834e-02
-1.875331066548824310e-02
-8.142959326505661011e-02
-2.008199691772460938e-02
2.356966398656368256e-02
4.885429516434669495e-04
-2.766317920759320259e-03
-1.916266162879765034e-03
-5.905726179480552673e-02
-7.650305330753326416e-02
7.736548036336898804e-02
7.261175662279129028e-02
9.367443621158599854e-02
7.654746621847152710e-02
6.267425417900085449e-02
5.680840462446212769e-02
-5.348441377282142639e-02
-6.738627701997756958e-02
7.707870006561279297e-02
-5.617720633745193481e-02
7.792384922504425049e-02
7.444723695516586304e-02
-2.091146772727370262e-03
3.835158795118331909e-02
3.043519519269466400e-02
-3.257212415337562561e-02
3.830927610397338867e-02
9.990827739238739014e-02
7.552343606948852539e-02
-2.699685469269752502e-02
2.627322450280189514e-02
4.994356632232666016e-02
9.268780797719955444e-02
-3.872736915946006775e-02
-7.853496074676513672e-02
-1.059040520340204239e-02
-6.378886848688125610e-02
4.043622314929962158e-02
4.738048464059829712e-02
9.222156554460525513e-02
-2.389442920684814453e-02
-2.168243005871772766e-02
-5.175613984465599060e-02
8.036220073699951172e-02
-6.981625407934188843e-02
-2.173306234180927277e-02
-7.596270740032196045e-02
5.668826028704643250e-02
5.045238137245178223e-02
-8.447067439556121826e-02
5.134075414389371872e-03
-4.093119129538536072e-02
-5.810213088989257812e-02
9.412630647420883179e-02
-2.958387881517410278e-02
-2.531122602522373199e-02
6.743877660483121872e-03
-1.758324727416038513e-02
6.387250870466232300e-02
8.990324102342128754e-03
4.290419816970825195e-02
2.658755052834749222e-03
7.978906482458114624e-02
1.857069879770278931e-02
8.329664170742034912e-02
-8.476972579956054688e-02
1.721030659973621368e-02
-3.969385847449302673e-02
4.662334546446800232e-02
-3.811902552843093872e-02
-7.667283713817596436e-02
-1.735567487776279449e-02
-9.113646298646926880e-02
-6.171319261193275452e-02
-9.982380084693431854e-03
-7.123356312513351440e-02
8.725956827402114868e-02
4.155472270213067532e-04
2.836898155510425568e-02
-4.536680353339761496e-04
2.240430936217308044e-02
-7.143449783325195312e-02
-3.564912080764770508e-02
-5.531330034136772156e-02
-5.058372020721435547e-02
-7.604164630174636841e-02
-1.640480197966098785e-02
3.150278702378273010e-02
7.759325206279754639e-02
1.678074896335601807e-02
6.007654592394828796e-04
-5.490675941109657288e-02
-9.088995307683944702e-02
4.945249482989311218e-02
-3.702498972415924072e-03
6.944236904382705688e-02
8.761809766292572021e-02
1.832488924264907837e-02
-3.541471064090728760e-02
-2.547849714756011963e-02
3.230662271380424500e-02
8.658720552921295166e-02
2.737865038216114044e-02
7.465516775846481323e-02
-7.759451866149902344e-02
3.018477000296115875e-03
-7.651408761739730835e-02
-3.040533885359764099e-02
5.152390338480472565e-03
5.717434734106063843e-02
-7.096523791551589966e-02
-4.847735539078712463e-02
-3.603256493806838989e-02
-4.494039714336395264e-02
2.489340491592884064e-02
7.708795368671417236e-02
-6.630366295576095581e-02
-2.140542119741439819e-02
8.473464287817478180e-03
9.006291627883911133e-02
-6.399217247962951660e-02
-7.960739545524120331e-03
-5.078394711017608643e-02
3.591324016451835632e-02
1.004157885909080505e-01
-9.831620845943689346e-04
-2.884894236922264099e-02
-1.204490009695291519e-02
5.385653674602508545e-02
-5.818515270948410034e-02
-7.421615719795227051e-02
-4.800194874405860901e-02
-5.617358908057212830e-02
-9.938669204711914062e-02
-1.273601595312356949e-02
-1.003930997103452682e-02
5.683246254920959473e-02
8.653950691223144531e-02
1.253023371100425720e-02
8.437730371952056885e-02
5.471725761890411377e-02
6.782586872577667236e-02
-1.187953632324934006e-02
9.872080385684967041e-02
8.820198476314544678e-02
8.576402813196182251e-02
-2.745877252891659737e-03
5.567114800214767456e-02
4.142793267965316772e-02
5.128256976604461670e-02
1.709564402699470520e-02
-5.859237536787986755e-02
8.269181847572326660e-02
3.204723075032234192e-02
4.518846422433853149e-02
1.657465938478708267e-03
-8.205098658800125122e-02
-9.817122668027877808e-02
-9.126768261194229126e-02
-3.527931869029998779e-02
2.235671877861022949e-02
-3.374621644616127014e-02
-1.006124075502157211e-02
-7.861115783452987671e-02
-6.293504685163497925e-02
-1.499732676893472672e-02
6.049659848213195801e-02
-6.401608139276504517e-02
-3.989467024803161621e-02
2.875320427119731903e-02
-5.279066413640975952e-02
-9.252577088773250580e-03
5.328615754842758179e-02
-3.472641110420227051e-02
2.505640499293804169e-02
-7.582894712686538696e-02
9.478493034839630127e-02
6.193941459059715271e-02
-2.411406859755516052e-02
1.964540034532546997e-02
-9.500070475041866302e-03
1.038563251495361328e-01
-7.010298967361450195e-02
-6.707474589347839355e-02
-3.094821982085704803e-02
4.411248490214347839e-02
1.577558368444442749e-02
4.210998117923736572e-02
3.286711638793349266e-03
4.130170866847038269e-02
-8.001481741666793823e-02
-1.058095544576644897e-01
2.168125100433826447e-02
6.849237531423568726e-02
-1.163921132683753967e-02
3.339438885450363159e-02
-2.305048890411853790e-02
6.339478492736816406e-02
-7.992273569107055664e-02
-3.216248750686645508e-02
-8.429784327745437622e-02
-6.318256258964538574e-02
8.359974622726440430e-02
1.868725381791591644e-02
6.624069064855575562e-02
-2.536966837942600250e-02
6.074713915586471558e-02
1.695403456687927246e-02
-3.340402618050575256e-02
4.122152924537658691e-02
1.978115923702716827e-02
7.794319838285446167e-02
-4.814186692237854004e-02
6.049499288201332092e-02
4.997524246573448181e-02
-6.783753633499145508e-02
2.614854462444782257e-02
-1.095965355634689331e-01
-9.762061387300491333e-02
-1.059101894497871399e-01
-5.465710908174514771e-02
-3.898528963327407837e-02
-7.832422107458114624e-02
-2.606301568448543549e-02
-8.567923679947853088e-03
-3.929921984672546387e-02
-3.445129469037055969e-02
7.187905907630920410e-02
-6.161825731396675110e-03
8.275518566370010376e-02
7.175823301076889038e-02
-5.210892111063003540e-02
8.007326722145080566e-02
4.527505487203598022e-02
-2.405397593975067139e-02
-7.164963334798812866e-02
6.745685636997222900e-02
7.061205059289932251e-02
6.510363519191741943e-02
-4.881619662046432495e-02
-3.715220093727111816e-02
2.534494921565055847e-02
-3.686986118555068970e-02
5.435340106487274170e-02
-4.388515278697013855e-02
-4.306467622518539429e-02
5.299603193998336792e-02
4.417521506547927856e-02
-2.706685662269592285e-02
-2.084251679480075836e-02
-3.394449502229690552e-02
-8.147584646940231323e-02
-3.337925300002098083e-02
-8.490041643381118774e-02
3.054354339838027954e-02
-8.413740992546081543e-02
-3.855020180344581604e-02
-6.295534968376159668e-02
5.301999673247337341e-02
1.554573141038417816e-02
2.085779793560504913e-02
4.060280695557594299e-02
-7.626450061798095703e-02
8.562770485877990723e-02
1.872800290584564209e-02
-5.792145058512687683e-02
-5.548106878995895386e-02
-6.191730499267578125e-03
-1.088708359748125076e-02
3.878299146890640259e-02
1.133751496672630310e-01
-1.534718833863735199e-02
1.066538468003273010e-01
-1.358529366552829742e-02
5.410175025463104248e-02
2.085018344223499298e-02
-8.646809309720993042e-02
-7.409604638814926147e-02
9.110961854457855225e-02
7.320408523082733154e-02
1.671795733273029327e-02
4.813155531883239746e-02
5.798272904939949512e-04
-7.587361335754394531e-02
-6.399332196451723576e-04
-8.776232600212097168e-02
2.536505460739135742e-02
2.091497182846069336e-02
-2.757199294865131378e-02
-1.441383734345436096e-02
-5.730564892292022705e-02
9.233520179986953735e-02
1.988611742854118347e-02
-2.342817746102809906e-02
-3.479508310556411743e-02
1.112770140171051025e-01
-4.602560948114842176e-04
9.085015207529067993e-02
1.018590182065963745e-01
-2.097878046333789825e-02
6.282509118318557739e-02
7.673129439353942871e-02
8.493472635746002197e-02
6.029399484395980835e-02
-9.010184556245803833e-02
-8.150885254144668579e-02
1.744287274777889252e-02
7.531460374593734741e-02
-8.843126893043518066e-02
-7.182591408491134644e-02
-9.205508232116699219e-02
-8.592462539672851562e-02
-6.560038775205612183e-02
-5.357849225401878357e-02
4.453967884182929993e-02
-8.966883271932601929e-02
-7.233519107103347778e-02
8.852123469114303589e-02
-1.344738900661468506e-02
-4.231308400630950928e-02
-3.890228271484375000e-02
-7.690680027008056641e-02
1.773156225681304932e-02
6.916624307632446289e-02
4.049662128090858459e-02
4.076261073350906372e-02
-7.900925353169441223e-03
-7.612075656652450562e-02
-2.519898989703506231e-04
7.674014568328857422e-02
-8.359523117542266846e-02
7.252198178321123123e-03
1.154804974794387817e-02
8.679959923028945923e-02
-6.079044193029403687e-02
-9.180974960327148438e-02
3.424986824393272400e-02
1.921288855373859406e-02
8.612228184938430786e-02
3.867773339152336121e-02
-3.108603507280349731e-02
-5.813178047537803650e-02
6.515704840421676636e-02
6.845004856586456299e-02
9.596788883209228516e-02
8.928894251585006714e-02
-1.542019005864858627e-02
1.073795487172901630e-03
6.599911302328109741e-02
8.233790099620819092e-02
-2.355784736573696136e-02
-1.016382966190576553e-02
7.667325902730226517e-03
3.485596179962158203e-02
1.126462873071432114e-02
-3.228848055005073547e-02
2.865398302674293518e-02
3.883311728714033961e-05
-2.109543047845363617e-02
5.589502397924661636e-03
-4.689626023173332214e-02
-7.152282446622848511e-02
9.680733084678649902e-02
5.523745436221361160e-03
9.170332551002502441e-02
3.607671940699219704e-03
7.883667945861816406e-03
-6.661169230937957764e-02
1.003584489226341248e-01
2.875853516161441803e-02
6.238317489624023438e-02
9.824826568365097046e-02
6.586924195289611816e-02
-4.993513599038124084e-02
-6.629387382417917252e-03
4.537204653024673462e-02
1.553773414343595505e-02
2.835058793425559998e-02
-3.133869543671607971e-02
3.292231261730194092e-02
3.603134676814079285e-02
8.292134851217269897e-02
-5.069680884480476379e-02
-3.215294703841209412e-02
-6.322520226240158081e-02
-2.702250517904758453e-02
6.151662021875381470e-02
-4.630206897854804993e-02
-6.283714435994625092e-03
2.601050771772861481e-02
7.298640906810760498e-02
-5.514648184180259705e-02
-4.458700492978096008e-02
-5.665585398674011230e-02
1.176100224256515503e-02
-2.302785776555538177e-02
5.128986760973930359e-02
-1.185034681111574173e-02
1.402484159916639328e-02
2.024550549685955048e-02
-9.106256812810897827e-02
7.826986163854598999e-02
8.385618776082992554e-02
7.840833812952041626e-02
-7.582656294107437134e-02
6.663263589143753052e-02
7.215575873851776123e-02
9.969031088985502720e-05
-5.743566527962684631e-02
1.141606917371973395e-04
6.589613854885101318e-03
1.245108805596828461e-02
-2.624302916228771210e-02
2.998441457748413086e-02
8.298312872648239136e-02
5.367454141378402710e-02
7.018321007490158081e-02
7.140140235424041748e-02
-7.417132705450057983e-02
-6.888791173696517944e-02
-2.020902372896671295e-02
-2.535915747284889221e-02
-9.585935622453689575e-02
-5.574226751923561096e-02
-2.733195014297962189e-02
-8.112456649541854858e-02
-4.950952157378196716e-02
-1.727262139320373535e-02
-5.818685889244079590e-02
-5.619078502058982849e-02
3.395142406225204468e-02
8.085283637046813965e-02
2.533853286877274513e-03
9.575752913951873779e-02
6.529938429594039917e-02
7.122945785522460938e-02
8.704517967998981476e-03
-8.181632310152053833e-02
-6.880024820566177368e-02
-2.831414341926574707e-02
-4.109498485922813416e-02
8.354196697473526001e-02
-1.878452487289905548e-02
-3.290656581521034241e-02
-1.992678083479404449e-02
6.619101762771606445e-02
2.449418231844902039e-02
4.784701764583587646e-02
-1.919694058597087860e-02
1.314439252018928528e-02
-8.904249221086502075e-02
-8.346246182918548584e-02
8.492641896009445190e-02
-1.293247472494840622e-02
-6.551958620548248291e-02
7.637034356594085693e-02
2.161755971610546112e-02
-3.541165590286254883e-02
-3.733452782034873962e-02
-3.650014847517013550e-02
-2.368435636162757874e-02
6.607434898614883423e-02
-2.226763963699340820e-02
-1.352338702417910099e-03
-5.446129664778709412e-02
3.663783892989158630e-02
4.728645086288452148e-02
-8.240537345409393311e-02
5.108370259404182434e-02
-4.908473347313702106e-04
8.074877411127090454e-02
-2.484725974500179291e-02
-7.956505566835403442e-02
7.212322205305099487e-02
2.737865224480628967e-02
-5.682404339313507080e-02
4.756926372647285461e-02
-3.553862497210502625e-02
1.999816671013832092e-02
2.487130230292677879e-03
4.306254163384437561e-02
5.313972011208534241e-02
1.027069427073001862e-02
7.191721349954605103e-02
6.143296882510185242e-02
5.849973484873771667e-02
7.655162829905748367e-03
-7.032933831214904785e-02
-1.286426186561584473e-02
-3.615901619195938110e-02
-7.796611636877059937e-02
-8.423294126987457275e-02
-8.048316836357116699e-02
-4.252211749553680420e-02
5.742870643734931946e-02
5.625246092677116394e-02
3.068335913121700287e-02
7.659959793090820312e-02
5.050728470087051392e-02
4.000602662563323975e-02
4.911239445209503174e-02
-4.833482205867767334e-02
1.008458808064460754e-01
-3.813897073268890381e-02
-3.618390113115310669e-02
6.139226630330085754e-02
-1.406606938689947128e-02
7.614544034004211426e-02
6.428934633731842041e-02
1.334165502339601517e-02
4.062408953905105591e-02
-7.848424464464187622e-02
3.459919616580009460e-02
8.511237055063247681e-02
4.661500453948974609e-02
-8.640171028673648834e-03
5.034139007329940796e-02
4.226301982998847961e-02
4.553807899355888367e-02
5.341064557433128357e-02
2.777835587039589882e-03
7.562017440795898438e-02
9.174343198537826538e-02
6.227279547601938248e-03
3.905252739787101746e-02
3.407296165823936462e-02
6.492844969034194946e-02
1.102005690336227417e-01
1.058791801333427429e-01
-6.926186382770538330e-02
1.680739596486091614e-02
6.964138150215148926e-02
-4.547424241900444031e-02
-7.273949682712554932e-02
5.321935936808586121e-02
-1.468310412019491196e-02
-5.406845733523368835e-02
-7.360593974590301514e-02
2.451362460851669312e-02
-2.853077091276645660e-02
4.368446022272109985e-02
